42
117
29 42 0 1
30 42 0 1
19 42 0 2
31 42 0 1
20 42 0 2
11 42 0 3
32 42 0 1
21 42 0 2
12 42 0 3
5 42 0 1
33 42 0 1
22 42 0 2
41 13 0 13
41 6 0 14
41 1 0 15
34 42 0 1
41 23 0 10
14 42 0 3
41 7 0 5
2 42 0 4
41 35 0 9
41 24 0 12
15 42 0 3
8 42 0 4
3 42 0 5
41 36 0 7
41 25 0 13
16 42 0 3
9 42 0 4
41 4 0 3
37 42 0 1
41 26 0 38
41 17 0 17
41 10 0 2
38 42 0 1
27 42 0 2
18 42 0 3
39 42 0 1
28 42 0 2
40 42 0 1
23 33 0 1000
23 34 0 1000
24 34 0 1000
25 37 0 1000
26 37 0 1000
26 38 0 1000
13 31 0 1000
13 32 0 1000
13 33 0 1000
13 34 0 1000
13 21 0 1000
13 22 0 1000
17 37 0 1000
17 38 0 1000
17 39 0 1000
17 27 0 1000
6 30 0 1000
6 31 0 1000
6 32 0 1000
6 33 0 1000
6 34 0 1000
6 20 0 1000
6 21 0 1000
6 22 0 1000
6 12 0 1000
6 14 0 1000
7 31 0 1000
7 32 0 1000
7 33 0 1000
7 34 0 1000
7 37 0 1000
7 21 0 1000
7 22 0 1000
7 14 0 1000
7 15 0 1000
10 34 0 1000
10 37 0 1000
10 38 0 1000
10 39 0 1000
10 40 0 1000
10 27 0 1000
10 28 0 1000
10 16 0 1000
10 18 0 1000
1 29 0 1000
1 30 0 1000
1 31 0 1000
1 32 0 1000
1 33 0 1000
1 34 0 1000
1 37 0 1000
1 19 0 1000
1 20 0 1000
1 21 0 1000
1 22 0 1000
1 11 0 1000
1 12 0 1000
1 14 0 1000
1 15 0 1000
1 5 0 1000
4 32 0 1000
4 33 0 1000
4 34 0 1000
4 37 0 1000
4 38 0 1000
4 39 0 1000
4 40 0 1000
4 22 0 1000
4 27 0 1000
4 28 0 1000
4 14 0 1000
4 15 0 1000
4 16 0 1000
4 18 0 1000
4 8 0 1000
4 9 0 1000
42 41 -1 1000
0
0
0
0
0
0
0
0
0
0
0
0
0
0
0
0
0
0
0
0
0
0
0
0
0
0
0
0
0
0
0
0
0
0
0
0
0
0
0
0
0
0
